res = [ 0 1 2 4 ] 
res = [ 1 0 2 3 ] 
res = [ 2 2 0 3 ] 
res = [ 3 3 3 0 ] 
res = [ 0 5 5 5 2 ] 
res = [ 5 0 3 3 5 ] 
res = [ 5 3 0 1 5 ] 
res = [ 5 3 1 0 5 ] 
res = [ 5 5 5 5 0 ] 
res = [ 0 3 4 4 6 5 ] 
res = [ 3 0 4 4 6 6 ] 
res = [ 4 4 0 2 6 6 ] 
res = [ 4 4 2 0 6 6 ] 
res = [ 6 6 6 6 0 1 ] 
res = [ 6 6 6 6 1 0 ] 
res = [ 0 1 2 2 4 4 5 ] 
res = [ 1 0 2 2 4 4 4 ] 
res = [ 2 2 0 1 4 4 4 ] 
res = [ 2 2 1 0 4 4 4 ] 
res = [ 4 4 4 4 0 2 3 ] 
res = [ 4 4 4 4 2 0 3 ] 
res = [ 4 4 4 4 3 3 0 ] 
Time: 0 ms
